-1.000000000000000e+000 3.125000000000000e-001
-4.210526315789474e-001 4.102274793316668e-001
1.578947368421053e-001 5.325170713562019e-001
7.368421052631580e-001 7.069264024304832e-001
1.315789473684211e+000 9.280020356545939e-001
1.894736842105263e+000 1.118214194883967e+000
2.473684210526316e+000 1.599183803050578e+000
3.052631578947369e+000 2.099293249643095e+000
3.631578947368421e+000 2.755800890173025e+000
4.210526315789474e+000 3.617616808690060e+000
4.789473684210527e+000 4.748946638773735e+000
5.368421052631581e+000 6.234074909135171e+000
5.947368421052634e+000 8.173644275005797e+000
6.526315789473687e+000 1.074289844058449e+001
7.105263157894740e+000 1.410250287359063e+001
7.684210526315793e+000 1.851274945952215e+001
8.263157894736846e+000 2.430220334809104e+001
8.842105263157899e+000 3.190218118941754e+001
9.421052631578952e+000 4.187888439845400e+001
1.000000000000000e+001 5.497558138880003e+001
