0.000000000000000e+000 0.000000000000000e+000
1.010101010101010e-001 1.020304050607081e-003
2.020202020202020e-001 4.081216202428324e-003
3.030303030303030e-001 9.182736455463730e-003
4.040404040404040e-001 1.632486480971329e-002
5.050505050505051e-001 2.550760126517703e-002
6.060606060606061e-001 3.673094582185492e-002
7.070707070707071e-001 4.999489847974696e-002
8.080808080808081e-001 6.529945923885318e-002
9.090909090909091e-001 8.264462809917354e-002
1.010101010101010e+000 1.020304050607081e-001
1.111111111111111e+000 1.234567901234568e-001
1.212121212121212e+000 1.469237832874197e-001
1.313131313131313e+000 1.724313845525967e-001
1.414141414141414e+000 1.999795939189878e-001
1.515151515151515e+000 2.295684113865932e-001
1.616161616161616e+000 2.611978369554127e-001
1.717171717171717e+000 2.948678706254463e-001
1.818181818181818e+000 3.305785123966942e-001
1.919191919191919e+000 3.683297622691562e-001
2.020202020202020e+000 4.081216202428324e-001
2.121212121212122e+000 4.499540863177228e-001
2.222222222222223e+000 4.938271604938274e-001
2.323232323232324e+000 5.397408427711461e-001
2.424242424242425e+000 5.876951331496791e-001
2.525252525252526e+000 6.376900316294262e-001
2.626262626262628e+000 6.897255382103874e-001
2.727272727272729e+000 7.438016528925628e-001
2.828282828282830e+000 7.999183756759525e-001
2.929292929292931e+000 8.580757065605562e-001
3.030303030303033e+000 9.182736455463741e-001
3.131313131313134e+000 9.805121926334064e-001
3.232323232323235e+000 1.044791347821653e+000
3.333333333333336e+000 1.111111111111113e+000
3.434343434343437e+000 1.179471482501788e+000
3.535353535353539e+000 1.249872461993677e+000
3.636363636363640e+000 1.322314049586779e+000
3.737373737373741e+000 1.396796245281097e+000
3.838383838383842e+000 1.473319049076628e+000
3.939393939393943e+000 1.551882460973373e+000
4.040404040404044e+000 1.632486480971333e+000
4.141414141414145e+000 1.715131109070506e+000
4.242424242424247e+000 1.799816345270894e+000
4.343434343434348e+000 1.886542189572496e+000
4.444444444444449e+000 1.975308641975313e+000
4.545454545454550e+000 2.066115702479343e+000
4.646464646464652e+000 2.158963371084588e+000
4.747474747474753e+000 2.253851647791047e+000
4.848484848484854e+000 2.350780532598720e+000
4.949494949494955e+000 2.449750025507607e+000
5.050505050505056e+000 2.550760126517708e+000
5.151515151515158e+000 2.653810835629024e+000
5.252525252525259e+000 2.758902152841553e+000
5.353535353535360e+000 2.866034078155297e+000
5.454545454545461e+000 2.975206611570255e+000
5.555555555555563e+000 3.086419753086427e+000
5.656565656565664e+000 3.199673502703814e+000
5.757575757575765e+000 3.314967860422414e+000
5.858585858585866e+000 3.432302826242229e+000
5.959595959595967e+000 3.551678400163258e+000
6.060606060606069e+000 3.673094582185501e+000
6.161616161616170e+000 3.796551372308958e+000
6.262626262626271e+000 3.922048770533630e+000
6.363636363636372e+000 4.049586776859515e+000
6.464646464646473e+000 4.179165391286615e+000
6.565656565656575e+000 4.310784613814929e+000
6.666666666666676e+000 4.444444444444456e+000
6.767676767676777e+000 4.580144883175199e+000
6.868686868686878e+000 4.717885930007155e+000
6.969696969696980e+000 4.857667584940326e+000
7.070707070707081e+000 4.999489847974711e+000
7.171717171717182e+000 5.143352719110309e+000
7.272727272727283e+000 5.289256198347123e+000
7.373737373737384e+000 5.437200285685149e+000
7.474747474747486e+000 5.587184981124391e+000
7.575757575757587e+000 5.739210284664847e+000
7.676767676767688e+000 5.893276196306517e+000
7.777777777777789e+000 6.049382716049401e+000
7.878787878787890e+000 6.207529843893498e+000
7.979797979797992e+000 6.367717579838811e+000
8.080808080808092e+000 6.529945923885336e+000
8.181818181818192e+000 6.694214876033075e+000
8.282828282828293e+000 6.860524436282029e+000
8.383838383838393e+000 7.028874604632196e+000
8.484848484848493e+000 7.199265381083578e+000
8.585858585858594e+000 7.371696765636173e+000
8.686868686868694e+000 7.546168758289983e+000
8.787878787878794e+000 7.722681359045007e+000
8.888888888888895e+000 7.901234567901244e+000
8.989898989898995e+000 8.081828384858698e+000
9.090909090909095e+000 8.264462809917363e+000
9.191919191919196e+000 8.449137843077244e+000
9.292929292929296e+000 8.635853484338337e+000
9.393939393939396e+000 8.824609733700648e+000
9.494949494949497e+000 9.015406591164169e+000
9.595959595959597e+000 9.208244056728907e+000
9.696969696969697e+000 9.403122130394859e+000
9.797979797979798e+000 9.600040812162025e+000
9.898989898989898e+000 9.799000102030403e+000
1.000000000000000e+001 1.000000000000000e+001
