1.000000000000000e+000 -5.000000000000000e-001
1.473684210526316e+000 -9.666239156483099e-001
1.947368421052631e+000 -1.552500732045515e+000
2.421052631578947e+000 -2.247901083111155e+000
2.894736842105263e+000 -3.045828561565586e+000
3.368421052631579e+000 -3.940894770224651e+000
3.842105263157895e+000 -4.928760836360041e+000
4.315789473684211e+000 -6.005821658352940e+000
4.789473684210527e+000 -7.169011047903611e+000
5.263157894736843e+000 -8.415673592119225e+000
5.736842105263158e+000 -9.743476212487810e+000
6.210526315789474e+000 -1.115034474707959e+001
6.684210526315790e+000 -1.263441704713999e+001
7.157894736842106e+000 -1.419400738805846e+001
7.631578947368422e+000 -1.582757887711160e+001
8.105263157894738e+000 -1.753372166387911e+001
8.578947368421053e+000 -1.931113545729173e+001
9.052631578947368e+000 -2.115861530210828e+001
9.526315789473683e+000 -2.307503986486809e+001
1.000000000000000e+001 -2.505936168136361e+001
