n       Time(sec)   #compare  logFactor(time) logFactor(#compare) squareFactor(time) squareFactor(#compare)
40      3.236e-006  206       2.193e-008      1.396e+000          2.023e-009         1.288e-001            
44      3.474e-006  229       2.086e-008      1.375e+000          1.794e-009         1.183e-001            
48      4.092e-006  269       2.202e-008      1.448e+000          1.776e-009         1.168e-001            
52      5.276e-006  329       2.568e-008      1.601e+000          1.951e-009         1.217e-001            
57      4.957e-006  358       2.151e-008      1.553e+000          1.526e-009         1.102e-001            
62      5.359e-006  367       2.094e-008      1.434e+000          1.394e-009         9.547e-002            
68      5.946e-006  397       2.072e-008      1.384e+000          1.286e-009         8.586e-002            
74      6.630e-006  455       2.082e-008      1.429e+000          1.211e-009         8.309e-002            
81      7.546e-006  531       2.120e-008      1.492e+000          1.150e-009         8.093e-002            
89      8.704e-006  622       2.179e-008      1.557e+000          1.099e-009         7.853e-002            
97      1.014e-005  758       2.286e-008      1.708e+000          1.078e-009         8.056e-002            
106     1.159e-005  928       2.344e-008      1.877e+000          1.031e-009         8.259e-002            
116     1.282e-005  974       2.325e-008      1.766e+000          9.527e-010         7.238e-002            
127     1.312e-005  977       2.133e-008      1.588e+000          8.137e-010         6.057e-002            
139     1.464e-005  1207      2.134e-008      1.760e+000          7.575e-010         6.247e-002            
152     1.633e-005  1311      2.139e-008      1.717e+000          7.068e-010         5.674e-002            
167     1.842e-005  1287      2.155e-008      1.506e+000          6.603e-010         4.615e-002            
183     2.011e-005  1544      2.110e-008      1.620e+000          6.006e-010         4.610e-002            
201     2.361e-005  1820      2.215e-008      1.707e+000          5.843e-010         4.505e-002            
221     2.642e-005  2291      2.214e-008      1.920e+000          5.409e-010         4.691e-002            
243     3.188e-005  2463      2.389e-008      1.845e+000          5.399e-010         4.171e-002            
267     3.163e-005  2398      2.120e-008      1.607e+000          4.436e-010         3.364e-002            
293     3.625e-005  2873      2.178e-008      1.726e+000          4.222e-010         3.347e-002            
322     4.139e-005  3052      2.226e-008      1.641e+000          3.992e-010         2.944e-002            
354     4.238e-005  3300      2.040e-008      1.588e+000          3.382e-010         2.633e-002            
389     4.826e-005  4039      2.080e-008      1.741e+000          3.189e-010         2.669e-002            
427     5.462e-005  4554      2.112e-008      1.761e+000          2.996e-010         2.498e-002            
469     5.859e-005  4440      2.031e-008      1.539e+000          2.664e-010         2.019e-002            
515     7.017e-005  5494      2.182e-008      1.708e+000          2.646e-010         2.071e-002            
566     8.049e-005  5774      2.243e-008      1.609e+000          2.512e-010         1.802e-002            
622     8.261e-005  7433      2.064e-008      1.858e+000          2.135e-010         1.921e-002            
684     1.128e-004  7602      2.526e-008      1.703e+000          2.410e-010         1.625e-002            
752     1.005e-004  8365      2.019e-008      1.680e+000          1.778e-010         1.479e-002            
827     1.258e-004  9524      2.265e-008      1.714e+000          1.840e-010         1.393e-002            
909     1.251e-004  10358     2.021e-008      1.673e+000          1.514e-010         1.254e-002            
999     1.539e-004  12888     2.231e-008      1.868e+000          1.543e-010         1.291e-002            
_______________________________________________________________________________________________
Average                       2.181e-008      1.642e+000          7.667e-010         5.511e-002            
